CUADRO NO. 1
(En millones de US$) Operarios Técnicos (pies cuadrados ft²)
2006 56 555 148,411 4,678.6 2,471.7 973.7 1,465.19 3,009.97 26,338,045.1
2007 53 526 128,002 4,525.2 2,457.3 1,010.9 1,480.37 3,127.22 24,609,122.9
2008 48 525 124,517 4,354.1 2,611.2 954.3 1,652.80 3,533.22 25,299,744.6
2009 47 553 112,618 3,793.5 2,738.1 959.0 1,819.00 3,689.56 29,037,744.6
2010 48 555 121,001 4,194.4 2,881.6 1,123.1 1,829.03 3,841.64 29,268,270.4
2011 51 578 125,117 4,767.1 2,913.7 1,163.5 1,967.15 3,892.63 30,067,075.7
2012 53 584 134,226 4,918.9 3,133.9 1,298.2 2,175.88 4,204.14 30,385,854.6
2013 55 602 144,383 4,976.4 3,442.8 1,326.0 2,352.49 4,483.04 33,804,830.4
2014 60 614 153,342 5,261.7 3,794.9 1,368.1 2,508.76 4,773.39 34,899,477.3
2015 65 630 161,257 5,423.6 4,043.1 1,434.5 2,536.18 4,850.50 35,869,810.4
2016 68 645 163,147 5,503.9 4,326.8 1,457.9 2,659.03 5,148.21 36,958,201.7
2017 71 665 165,724 5,709.6 4,473.1 1,482.7 2,798.37 5,302.91 37,283,897.4
2018 74 673 171,726 6,035.2 4,977.8 1,621.4 3,003.60 5,921.50 39,545,337.9
2019 75 695 176,555 6,249.5 5,107.0 1,694.6 3,232.90 6,092.60 40,655,189.2
2020 75 692 168,200 5,894.5 5,189.0 1,580.3 3,298.67 6,199.65 41,081,319.5
2021 79 734 183,232 7,179.6 5,903.1 1,944.3 3,646.83 6,388.53 42,452,389.5
2022 84 774 192,461 7,827.3 7,160.9 1,993.9 4,222.61 7,032.88 47,488,229.3
2023 87 820 198,034 7,959.4 7,496.2 2,027.8 4,628.53 7,573.56 49,171,262.1
2024 94 843 198,552 8,500.3 7,735.7 2,163.9 4,879.08 8,236.75 50,679,794.3
2025 98 858 200,237 8,548.6 8,169.8 2,175.7 5,202.02 8,935.15 51,759,000.5
Crecimiento (%)
2024-2025 4.3 1.8 0.8 0.6 5.6 0.5 6.6 8.5 2.1
Salario Promedio
Semanal (RD$)
Inversión Total
Acumulada
Área de Naves
Ocupadas Año Empresas Empleos Exportaciones (En millones de US$) Gastos locales (En millones de US$) Parques
Fuente: Banco Central de la República Dominicana: Datos de exportaciones y gastos locales. Año 2024: cifras revisadas. Año 2025: cifras preliminares. 
EVOLUCIÓN DE LAS PRINCIPALES VARIABLES DEL SECTOR ZONAS FRANCAS 
2006-2025 
Fuente de exportaciones y gastos locales:ࢫ%Ʉ̌ɲ̛ࢫ-ʍ͍̌ͩɄ˵ࢫɾʍࢫ˵Ʉࢫþʍͅ͸ɩ˵ˏɲɄࢫ8̛̆ˏ̌ˏɲɄ̌Ʉࢶ
ࢫࢸ࠷࠵࠳࠵-ˏʱ͍Ʉ͛ࢫ͍ʍΘˏ͛ɄɾɄ͛ࢫࢸ࠸࠵࠳࠵ࢫࢶ-ˏʱ͍Ʉ͛ࢫ͍ͅʍ˵ˏ̆ˏ̌Ʉ͍ʍ͛ࢶ
12 INFORME ESTADÍSTICO 2025 | CNZFE